{
 "cells": [
  {
   "cell_type": "code",
   "execution_count": 17,
   "id": "5aa19832",
   "metadata": {},
   "outputs": [],
   "source": [
    "import numpy as np\n",
    "import pandas as pd \n",
    "import seaborn as sns\n",
    "import matplotlib.pyplot as plt"
   ]
  },
  {
   "cell_type": "code",
   "execution_count": 18,
   "id": "bb54d818",
   "metadata": {},
   "outputs": [],
   "source": [
    "data  = pd.read_csv(\"C:/Users/thiru/Downloads/diabetes (1).csv\")"
   ]
  },
  {
   "cell_type": "code",
   "execution_count": 19,
   "id": "f9fa60ae",
   "metadata": {},
   "outputs": [
    {
     "data": {
      "text/html": [
       "<div>\n",
       "<style scoped>\n",
       "    .dataframe tbody tr th:only-of-type {\n",
       "        vertical-align: middle;\n",
       "    }\n",
       "\n",
       "    .dataframe tbody tr th {\n",
       "        vertical-align: top;\n",
       "    }\n",
       "\n",
       "    .dataframe thead th {\n",
       "        text-align: right;\n",
       "    }\n",
       "</style>\n",
       "<table border=\"1\" class=\"dataframe\">\n",
       "  <thead>\n",
       "    <tr style=\"text-align: right;\">\n",
       "      <th></th>\n",
       "      <th>Pregnancies2</th>\n",
       "      <th>Glucose2</th>\n",
       "      <th>BloodPressure2</th>\n",
       "      <th>SkinThickness2</th>\n",
       "      <th>Insulin2</th>\n",
       "      <th>BMI2</th>\n",
       "      <th>DiabetesPedigreeFunction2</th>\n",
       "      <th>Age2</th>\n",
       "      <th>Pregnancies</th>\n",
       "      <th>Glucose</th>\n",
       "      <th>BloodPressure</th>\n",
       "      <th>SkinThickness</th>\n",
       "      <th>Insulin</th>\n",
       "      <th>BMI</th>\n",
       "      <th>DiabetesPedigreeFunction</th>\n",
       "      <th>Age</th>\n",
       "      <th>Outcome</th>\n",
       "    </tr>\n",
       "  </thead>\n",
       "  <tbody>\n",
       "    <tr>\n",
       "      <th>0</th>\n",
       "      <td>6</td>\n",
       "      <td>148</td>\n",
       "      <td>72</td>\n",
       "      <td>35</td>\n",
       "      <td>0</td>\n",
       "      <td>33.6</td>\n",
       "      <td>0.627</td>\n",
       "      <td>50</td>\n",
       "      <td>6</td>\n",
       "      <td>148</td>\n",
       "      <td>72</td>\n",
       "      <td>35</td>\n",
       "      <td>0</td>\n",
       "      <td>33.6</td>\n",
       "      <td>0.627</td>\n",
       "      <td>50</td>\n",
       "      <td>1</td>\n",
       "    </tr>\n",
       "    <tr>\n",
       "      <th>1</th>\n",
       "      <td>1</td>\n",
       "      <td>85</td>\n",
       "      <td>66</td>\n",
       "      <td>29</td>\n",
       "      <td>0</td>\n",
       "      <td>26.6</td>\n",
       "      <td>0.351</td>\n",
       "      <td>31</td>\n",
       "      <td>1</td>\n",
       "      <td>85</td>\n",
       "      <td>66</td>\n",
       "      <td>29</td>\n",
       "      <td>0</td>\n",
       "      <td>26.6</td>\n",
       "      <td>0.351</td>\n",
       "      <td>31</td>\n",
       "      <td>0</td>\n",
       "    </tr>\n",
       "    <tr>\n",
       "      <th>2</th>\n",
       "      <td>8</td>\n",
       "      <td>183</td>\n",
       "      <td>64</td>\n",
       "      <td>0</td>\n",
       "      <td>0</td>\n",
       "      <td>23.3</td>\n",
       "      <td>0.672</td>\n",
       "      <td>32</td>\n",
       "      <td>8</td>\n",
       "      <td>183</td>\n",
       "      <td>64</td>\n",
       "      <td>0</td>\n",
       "      <td>0</td>\n",
       "      <td>23.3</td>\n",
       "      <td>0.672</td>\n",
       "      <td>32</td>\n",
       "      <td>1</td>\n",
       "    </tr>\n",
       "    <tr>\n",
       "      <th>3</th>\n",
       "      <td>1</td>\n",
       "      <td>89</td>\n",
       "      <td>66</td>\n",
       "      <td>23</td>\n",
       "      <td>94</td>\n",
       "      <td>28.1</td>\n",
       "      <td>0.167</td>\n",
       "      <td>21</td>\n",
       "      <td>1</td>\n",
       "      <td>89</td>\n",
       "      <td>66</td>\n",
       "      <td>23</td>\n",
       "      <td>94</td>\n",
       "      <td>28.1</td>\n",
       "      <td>0.167</td>\n",
       "      <td>21</td>\n",
       "      <td>0</td>\n",
       "    </tr>\n",
       "    <tr>\n",
       "      <th>4</th>\n",
       "      <td>0</td>\n",
       "      <td>137</td>\n",
       "      <td>40</td>\n",
       "      <td>35</td>\n",
       "      <td>168</td>\n",
       "      <td>43.1</td>\n",
       "      <td>2.288</td>\n",
       "      <td>33</td>\n",
       "      <td>0</td>\n",
       "      <td>137</td>\n",
       "      <td>40</td>\n",
       "      <td>35</td>\n",
       "      <td>168</td>\n",
       "      <td>43.1</td>\n",
       "      <td>2.288</td>\n",
       "      <td>33</td>\n",
       "      <td>1</td>\n",
       "    </tr>\n",
       "    <tr>\n",
       "      <th>...</th>\n",
       "      <td>...</td>\n",
       "      <td>...</td>\n",
       "      <td>...</td>\n",
       "      <td>...</td>\n",
       "      <td>...</td>\n",
       "      <td>...</td>\n",
       "      <td>...</td>\n",
       "      <td>...</td>\n",
       "      <td>...</td>\n",
       "      <td>...</td>\n",
       "      <td>...</td>\n",
       "      <td>...</td>\n",
       "      <td>...</td>\n",
       "      <td>...</td>\n",
       "      <td>...</td>\n",
       "      <td>...</td>\n",
       "      <td>...</td>\n",
       "    </tr>\n",
       "    <tr>\n",
       "      <th>763</th>\n",
       "      <td>10</td>\n",
       "      <td>101</td>\n",
       "      <td>76</td>\n",
       "      <td>48</td>\n",
       "      <td>180</td>\n",
       "      <td>32.9</td>\n",
       "      <td>0.171</td>\n",
       "      <td>63</td>\n",
       "      <td>10</td>\n",
       "      <td>101</td>\n",
       "      <td>76</td>\n",
       "      <td>48</td>\n",
       "      <td>180</td>\n",
       "      <td>32.9</td>\n",
       "      <td>0.171</td>\n",
       "      <td>63</td>\n",
       "      <td>0</td>\n",
       "    </tr>\n",
       "    <tr>\n",
       "      <th>764</th>\n",
       "      <td>2</td>\n",
       "      <td>122</td>\n",
       "      <td>70</td>\n",
       "      <td>27</td>\n",
       "      <td>0</td>\n",
       "      <td>36.8</td>\n",
       "      <td>0.340</td>\n",
       "      <td>27</td>\n",
       "      <td>2</td>\n",
       "      <td>122</td>\n",
       "      <td>70</td>\n",
       "      <td>27</td>\n",
       "      <td>0</td>\n",
       "      <td>36.8</td>\n",
       "      <td>0.340</td>\n",
       "      <td>27</td>\n",
       "      <td>0</td>\n",
       "    </tr>\n",
       "    <tr>\n",
       "      <th>765</th>\n",
       "      <td>5</td>\n",
       "      <td>121</td>\n",
       "      <td>72</td>\n",
       "      <td>23</td>\n",
       "      <td>112</td>\n",
       "      <td>26.2</td>\n",
       "      <td>0.245</td>\n",
       "      <td>30</td>\n",
       "      <td>5</td>\n",
       "      <td>121</td>\n",
       "      <td>72</td>\n",
       "      <td>23</td>\n",
       "      <td>112</td>\n",
       "      <td>26.2</td>\n",
       "      <td>0.245</td>\n",
       "      <td>30</td>\n",
       "      <td>0</td>\n",
       "    </tr>\n",
       "    <tr>\n",
       "      <th>766</th>\n",
       "      <td>1</td>\n",
       "      <td>126</td>\n",
       "      <td>60</td>\n",
       "      <td>0</td>\n",
       "      <td>0</td>\n",
       "      <td>30.1</td>\n",
       "      <td>0.349</td>\n",
       "      <td>47</td>\n",
       "      <td>1</td>\n",
       "      <td>126</td>\n",
       "      <td>60</td>\n",
       "      <td>0</td>\n",
       "      <td>0</td>\n",
       "      <td>30.1</td>\n",
       "      <td>0.349</td>\n",
       "      <td>47</td>\n",
       "      <td>1</td>\n",
       "    </tr>\n",
       "    <tr>\n",
       "      <th>767</th>\n",
       "      <td>1</td>\n",
       "      <td>93</td>\n",
       "      <td>70</td>\n",
       "      <td>31</td>\n",
       "      <td>0</td>\n",
       "      <td>30.4</td>\n",
       "      <td>0.315</td>\n",
       "      <td>23</td>\n",
       "      <td>1</td>\n",
       "      <td>93</td>\n",
       "      <td>70</td>\n",
       "      <td>31</td>\n",
       "      <td>0</td>\n",
       "      <td>30.4</td>\n",
       "      <td>0.315</td>\n",
       "      <td>23</td>\n",
       "      <td>0</td>\n",
       "    </tr>\n",
       "  </tbody>\n",
       "</table>\n",
       "<p>768 rows × 17 columns</p>\n",
       "</div>"
      ],
      "text/plain": [
       "     Pregnancies2  Glucose2  BloodPressure2  SkinThickness2  Insulin2  BMI2  \\\n",
       "0               6       148              72              35         0  33.6   \n",
       "1               1        85              66              29         0  26.6   \n",
       "2               8       183              64               0         0  23.3   \n",
       "3               1        89              66              23        94  28.1   \n",
       "4               0       137              40              35       168  43.1   \n",
       "..            ...       ...             ...             ...       ...   ...   \n",
       "763            10       101              76              48       180  32.9   \n",
       "764             2       122              70              27         0  36.8   \n",
       "765             5       121              72              23       112  26.2   \n",
       "766             1       126              60               0         0  30.1   \n",
       "767             1        93              70              31         0  30.4   \n",
       "\n",
       "     DiabetesPedigreeFunction2  Age2  Pregnancies  Glucose  BloodPressure  \\\n",
       "0                        0.627    50            6      148             72   \n",
       "1                        0.351    31            1       85             66   \n",
       "2                        0.672    32            8      183             64   \n",
       "3                        0.167    21            1       89             66   \n",
       "4                        2.288    33            0      137             40   \n",
       "..                         ...   ...          ...      ...            ...   \n",
       "763                      0.171    63           10      101             76   \n",
       "764                      0.340    27            2      122             70   \n",
       "765                      0.245    30            5      121             72   \n",
       "766                      0.349    47            1      126             60   \n",
       "767                      0.315    23            1       93             70   \n",
       "\n",
       "     SkinThickness  Insulin   BMI  DiabetesPedigreeFunction  Age  Outcome  \n",
       "0               35        0  33.6                     0.627   50        1  \n",
       "1               29        0  26.6                     0.351   31        0  \n",
       "2                0        0  23.3                     0.672   32        1  \n",
       "3               23       94  28.1                     0.167   21        0  \n",
       "4               35      168  43.1                     2.288   33        1  \n",
       "..             ...      ...   ...                       ...  ...      ...  \n",
       "763             48      180  32.9                     0.171   63        0  \n",
       "764             27        0  36.8                     0.340   27        0  \n",
       "765             23      112  26.2                     0.245   30        0  \n",
       "766              0        0  30.1                     0.349   47        1  \n",
       "767             31        0  30.4                     0.315   23        0  \n",
       "\n",
       "[768 rows x 17 columns]"
      ]
     },
     "execution_count": 19,
     "metadata": {},
     "output_type": "execute_result"
    }
   ],
   "source": [
    "data"
   ]
  },
  {
   "cell_type": "code",
   "execution_count": 20,
   "id": "d4216277",
   "metadata": {},
   "outputs": [
    {
     "data": {
      "text/plain": [
       "Pregnancies2                 0\n",
       "Glucose2                     0\n",
       "BloodPressure2               0\n",
       "SkinThickness2               0\n",
       "Insulin2                     0\n",
       "BMI2                         0\n",
       "DiabetesPedigreeFunction2    0\n",
       "Age2                         0\n",
       "Pregnancies                  0\n",
       "Glucose                      0\n",
       "BloodPressure                0\n",
       "SkinThickness                0\n",
       "Insulin                      0\n",
       "BMI                          0\n",
       "DiabetesPedigreeFunction     0\n",
       "Age                          0\n",
       "Outcome                      0\n",
       "dtype: int64"
      ]
     },
     "execution_count": 20,
     "metadata": {},
     "output_type": "execute_result"
    }
   ],
   "source": [
    "data.isnull().sum()"
   ]
  },
  {
   "cell_type": "code",
   "execution_count": 21,
   "id": "c0e9701c",
   "metadata": {},
   "outputs": [],
   "source": [
    "data.dropna(inplace = True)"
   ]
  },
  {
   "cell_type": "code",
   "execution_count": 22,
   "id": "a11f8c9c",
   "metadata": {},
   "outputs": [
    {
     "data": {
      "text/html": [
       "<div>\n",
       "<style scoped>\n",
       "    .dataframe tbody tr th:only-of-type {\n",
       "        vertical-align: middle;\n",
       "    }\n",
       "\n",
       "    .dataframe tbody tr th {\n",
       "        vertical-align: top;\n",
       "    }\n",
       "\n",
       "    .dataframe thead th {\n",
       "        text-align: right;\n",
       "    }\n",
       "</style>\n",
       "<table border=\"1\" class=\"dataframe\">\n",
       "  <thead>\n",
       "    <tr style=\"text-align: right;\">\n",
       "      <th></th>\n",
       "      <th>Pregnancies2</th>\n",
       "      <th>Glucose2</th>\n",
       "      <th>BloodPressure2</th>\n",
       "      <th>SkinThickness2</th>\n",
       "      <th>Insulin2</th>\n",
       "      <th>BMI2</th>\n",
       "      <th>DiabetesPedigreeFunction2</th>\n",
       "      <th>Age2</th>\n",
       "      <th>Pregnancies</th>\n",
       "      <th>Glucose</th>\n",
       "      <th>BloodPressure</th>\n",
       "      <th>SkinThickness</th>\n",
       "      <th>Insulin</th>\n",
       "      <th>BMI</th>\n",
       "      <th>DiabetesPedigreeFunction</th>\n",
       "      <th>Age</th>\n",
       "      <th>Outcome</th>\n",
       "    </tr>\n",
       "  </thead>\n",
       "  <tbody>\n",
       "    <tr>\n",
       "      <th>Pregnancies2</th>\n",
       "      <td>1.000000</td>\n",
       "      <td>0.129459</td>\n",
       "      <td>0.141282</td>\n",
       "      <td>-0.081672</td>\n",
       "      <td>-0.073535</td>\n",
       "      <td>0.017683</td>\n",
       "      <td>-0.033523</td>\n",
       "      <td>0.544341</td>\n",
       "      <td>1.000000</td>\n",
       "      <td>0.129459</td>\n",
       "      <td>0.141282</td>\n",
       "      <td>-0.081672</td>\n",
       "      <td>-0.073535</td>\n",
       "      <td>0.017683</td>\n",
       "      <td>-0.033523</td>\n",
       "      <td>0.544341</td>\n",
       "      <td>0.221898</td>\n",
       "    </tr>\n",
       "    <tr>\n",
       "      <th>Glucose2</th>\n",
       "      <td>0.129459</td>\n",
       "      <td>1.000000</td>\n",
       "      <td>0.152590</td>\n",
       "      <td>0.057328</td>\n",
       "      <td>0.331357</td>\n",
       "      <td>0.221071</td>\n",
       "      <td>0.137337</td>\n",
       "      <td>0.263514</td>\n",
       "      <td>0.129459</td>\n",
       "      <td>1.000000</td>\n",
       "      <td>0.152590</td>\n",
       "      <td>0.057328</td>\n",
       "      <td>0.331357</td>\n",
       "      <td>0.221071</td>\n",
       "      <td>0.137337</td>\n",
       "      <td>0.263514</td>\n",
       "      <td>0.466581</td>\n",
       "    </tr>\n",
       "    <tr>\n",
       "      <th>BloodPressure2</th>\n",
       "      <td>0.141282</td>\n",
       "      <td>0.152590</td>\n",
       "      <td>1.000000</td>\n",
       "      <td>0.207371</td>\n",
       "      <td>0.088933</td>\n",
       "      <td>0.281805</td>\n",
       "      <td>0.041265</td>\n",
       "      <td>0.239528</td>\n",
       "      <td>0.141282</td>\n",
       "      <td>0.152590</td>\n",
       "      <td>1.000000</td>\n",
       "      <td>0.207371</td>\n",
       "      <td>0.088933</td>\n",
       "      <td>0.281805</td>\n",
       "      <td>0.041265</td>\n",
       "      <td>0.239528</td>\n",
       "      <td>0.065068</td>\n",
       "    </tr>\n",
       "    <tr>\n",
       "      <th>SkinThickness2</th>\n",
       "      <td>-0.081672</td>\n",
       "      <td>0.057328</td>\n",
       "      <td>0.207371</td>\n",
       "      <td>1.000000</td>\n",
       "      <td>0.436783</td>\n",
       "      <td>0.392573</td>\n",
       "      <td>0.183928</td>\n",
       "      <td>-0.113970</td>\n",
       "      <td>-0.081672</td>\n",
       "      <td>0.057328</td>\n",
       "      <td>0.207371</td>\n",
       "      <td>1.000000</td>\n",
       "      <td>0.436783</td>\n",
       "      <td>0.392573</td>\n",
       "      <td>0.183928</td>\n",
       "      <td>-0.113970</td>\n",
       "      <td>0.074752</td>\n",
       "    </tr>\n",
       "    <tr>\n",
       "      <th>Insulin2</th>\n",
       "      <td>-0.073535</td>\n",
       "      <td>0.331357</td>\n",
       "      <td>0.088933</td>\n",
       "      <td>0.436783</td>\n",
       "      <td>1.000000</td>\n",
       "      <td>0.197859</td>\n",
       "      <td>0.185071</td>\n",
       "      <td>-0.042163</td>\n",
       "      <td>-0.073535</td>\n",
       "      <td>0.331357</td>\n",
       "      <td>0.088933</td>\n",
       "      <td>0.436783</td>\n",
       "      <td>1.000000</td>\n",
       "      <td>0.197859</td>\n",
       "      <td>0.185071</td>\n",
       "      <td>-0.042163</td>\n",
       "      <td>0.130548</td>\n",
       "    </tr>\n",
       "    <tr>\n",
       "      <th>BMI2</th>\n",
       "      <td>0.017683</td>\n",
       "      <td>0.221071</td>\n",
       "      <td>0.281805</td>\n",
       "      <td>0.392573</td>\n",
       "      <td>0.197859</td>\n",
       "      <td>1.000000</td>\n",
       "      <td>0.140647</td>\n",
       "      <td>0.036242</td>\n",
       "      <td>0.017683</td>\n",
       "      <td>0.221071</td>\n",
       "      <td>0.281805</td>\n",
       "      <td>0.392573</td>\n",
       "      <td>0.197859</td>\n",
       "      <td>1.000000</td>\n",
       "      <td>0.140647</td>\n",
       "      <td>0.036242</td>\n",
       "      <td>0.292695</td>\n",
       "    </tr>\n",
       "    <tr>\n",
       "      <th>DiabetesPedigreeFunction2</th>\n",
       "      <td>-0.033523</td>\n",
       "      <td>0.137337</td>\n",
       "      <td>0.041265</td>\n",
       "      <td>0.183928</td>\n",
       "      <td>0.185071</td>\n",
       "      <td>0.140647</td>\n",
       "      <td>1.000000</td>\n",
       "      <td>0.033561</td>\n",
       "      <td>-0.033523</td>\n",
       "      <td>0.137337</td>\n",
       "      <td>0.041265</td>\n",
       "      <td>0.183928</td>\n",
       "      <td>0.185071</td>\n",
       "      <td>0.140647</td>\n",
       "      <td>1.000000</td>\n",
       "      <td>0.033561</td>\n",
       "      <td>0.173844</td>\n",
       "    </tr>\n",
       "    <tr>\n",
       "      <th>Age2</th>\n",
       "      <td>0.544341</td>\n",
       "      <td>0.263514</td>\n",
       "      <td>0.239528</td>\n",
       "      <td>-0.113970</td>\n",
       "      <td>-0.042163</td>\n",
       "      <td>0.036242</td>\n",
       "      <td>0.033561</td>\n",
       "      <td>1.000000</td>\n",
       "      <td>0.544341</td>\n",
       "      <td>0.263514</td>\n",
       "      <td>0.239528</td>\n",
       "      <td>-0.113970</td>\n",
       "      <td>-0.042163</td>\n",
       "      <td>0.036242</td>\n",
       "      <td>0.033561</td>\n",
       "      <td>1.000000</td>\n",
       "      <td>0.238356</td>\n",
       "    </tr>\n",
       "    <tr>\n",
       "      <th>Pregnancies</th>\n",
       "      <td>1.000000</td>\n",
       "      <td>0.129459</td>\n",
       "      <td>0.141282</td>\n",
       "      <td>-0.081672</td>\n",
       "      <td>-0.073535</td>\n",
       "      <td>0.017683</td>\n",
       "      <td>-0.033523</td>\n",
       "      <td>0.544341</td>\n",
       "      <td>1.000000</td>\n",
       "      <td>0.129459</td>\n",
       "      <td>0.141282</td>\n",
       "      <td>-0.081672</td>\n",
       "      <td>-0.073535</td>\n",
       "      <td>0.017683</td>\n",
       "      <td>-0.033523</td>\n",
       "      <td>0.544341</td>\n",
       "      <td>0.221898</td>\n",
       "    </tr>\n",
       "    <tr>\n",
       "      <th>Glucose</th>\n",
       "      <td>0.129459</td>\n",
       "      <td>1.000000</td>\n",
       "      <td>0.152590</td>\n",
       "      <td>0.057328</td>\n",
       "      <td>0.331357</td>\n",
       "      <td>0.221071</td>\n",
       "      <td>0.137337</td>\n",
       "      <td>0.263514</td>\n",
       "      <td>0.129459</td>\n",
       "      <td>1.000000</td>\n",
       "      <td>0.152590</td>\n",
       "      <td>0.057328</td>\n",
       "      <td>0.331357</td>\n",
       "      <td>0.221071</td>\n",
       "      <td>0.137337</td>\n",
       "      <td>0.263514</td>\n",
       "      <td>0.466581</td>\n",
       "    </tr>\n",
       "    <tr>\n",
       "      <th>BloodPressure</th>\n",
       "      <td>0.141282</td>\n",
       "      <td>0.152590</td>\n",
       "      <td>1.000000</td>\n",
       "      <td>0.207371</td>\n",
       "      <td>0.088933</td>\n",
       "      <td>0.281805</td>\n",
       "      <td>0.041265</td>\n",
       "      <td>0.239528</td>\n",
       "      <td>0.141282</td>\n",
       "      <td>0.152590</td>\n",
       "      <td>1.000000</td>\n",
       "      <td>0.207371</td>\n",
       "      <td>0.088933</td>\n",
       "      <td>0.281805</td>\n",
       "      <td>0.041265</td>\n",
       "      <td>0.239528</td>\n",
       "      <td>0.065068</td>\n",
       "    </tr>\n",
       "    <tr>\n",
       "      <th>SkinThickness</th>\n",
       "      <td>-0.081672</td>\n",
       "      <td>0.057328</td>\n",
       "      <td>0.207371</td>\n",
       "      <td>1.000000</td>\n",
       "      <td>0.436783</td>\n",
       "      <td>0.392573</td>\n",
       "      <td>0.183928</td>\n",
       "      <td>-0.113970</td>\n",
       "      <td>-0.081672</td>\n",
       "      <td>0.057328</td>\n",
       "      <td>0.207371</td>\n",
       "      <td>1.000000</td>\n",
       "      <td>0.436783</td>\n",
       "      <td>0.392573</td>\n",
       "      <td>0.183928</td>\n",
       "      <td>-0.113970</td>\n",
       "      <td>0.074752</td>\n",
       "    </tr>\n",
       "    <tr>\n",
       "      <th>Insulin</th>\n",
       "      <td>-0.073535</td>\n",
       "      <td>0.331357</td>\n",
       "      <td>0.088933</td>\n",
       "      <td>0.436783</td>\n",
       "      <td>1.000000</td>\n",
       "      <td>0.197859</td>\n",
       "      <td>0.185071</td>\n",
       "      <td>-0.042163</td>\n",
       "      <td>-0.073535</td>\n",
       "      <td>0.331357</td>\n",
       "      <td>0.088933</td>\n",
       "      <td>0.436783</td>\n",
       "      <td>1.000000</td>\n",
       "      <td>0.197859</td>\n",
       "      <td>0.185071</td>\n",
       "      <td>-0.042163</td>\n",
       "      <td>0.130548</td>\n",
       "    </tr>\n",
       "    <tr>\n",
       "      <th>BMI</th>\n",
       "      <td>0.017683</td>\n",
       "      <td>0.221071</td>\n",
       "      <td>0.281805</td>\n",
       "      <td>0.392573</td>\n",
       "      <td>0.197859</td>\n",
       "      <td>1.000000</td>\n",
       "      <td>0.140647</td>\n",
       "      <td>0.036242</td>\n",
       "      <td>0.017683</td>\n",
       "      <td>0.221071</td>\n",
       "      <td>0.281805</td>\n",
       "      <td>0.392573</td>\n",
       "      <td>0.197859</td>\n",
       "      <td>1.000000</td>\n",
       "      <td>0.140647</td>\n",
       "      <td>0.036242</td>\n",
       "      <td>0.292695</td>\n",
       "    </tr>\n",
       "    <tr>\n",
       "      <th>DiabetesPedigreeFunction</th>\n",
       "      <td>-0.033523</td>\n",
       "      <td>0.137337</td>\n",
       "      <td>0.041265</td>\n",
       "      <td>0.183928</td>\n",
       "      <td>0.185071</td>\n",
       "      <td>0.140647</td>\n",
       "      <td>1.000000</td>\n",
       "      <td>0.033561</td>\n",
       "      <td>-0.033523</td>\n",
       "      <td>0.137337</td>\n",
       "      <td>0.041265</td>\n",
       "      <td>0.183928</td>\n",
       "      <td>0.185071</td>\n",
       "      <td>0.140647</td>\n",
       "      <td>1.000000</td>\n",
       "      <td>0.033561</td>\n",
       "      <td>0.173844</td>\n",
       "    </tr>\n",
       "    <tr>\n",
       "      <th>Age</th>\n",
       "      <td>0.544341</td>\n",
       "      <td>0.263514</td>\n",
       "      <td>0.239528</td>\n",
       "      <td>-0.113970</td>\n",
       "      <td>-0.042163</td>\n",
       "      <td>0.036242</td>\n",
       "      <td>0.033561</td>\n",
       "      <td>1.000000</td>\n",
       "      <td>0.544341</td>\n",
       "      <td>0.263514</td>\n",
       "      <td>0.239528</td>\n",
       "      <td>-0.113970</td>\n",
       "      <td>-0.042163</td>\n",
       "      <td>0.036242</td>\n",
       "      <td>0.033561</td>\n",
       "      <td>1.000000</td>\n",
       "      <td>0.238356</td>\n",
       "    </tr>\n",
       "    <tr>\n",
       "      <th>Outcome</th>\n",
       "      <td>0.221898</td>\n",
       "      <td>0.466581</td>\n",
       "      <td>0.065068</td>\n",
       "      <td>0.074752</td>\n",
       "      <td>0.130548</td>\n",
       "      <td>0.292695</td>\n",
       "      <td>0.173844</td>\n",
       "      <td>0.238356</td>\n",
       "      <td>0.221898</td>\n",
       "      <td>0.466581</td>\n",
       "      <td>0.065068</td>\n",
       "      <td>0.074752</td>\n",
       "      <td>0.130548</td>\n",
       "      <td>0.292695</td>\n",
       "      <td>0.173844</td>\n",
       "      <td>0.238356</td>\n",
       "      <td>1.000000</td>\n",
       "    </tr>\n",
       "  </tbody>\n",
       "</table>\n",
       "</div>"
      ],
      "text/plain": [
       "                           Pregnancies2  Glucose2  BloodPressure2  \\\n",
       "Pregnancies2                   1.000000  0.129459        0.141282   \n",
       "Glucose2                       0.129459  1.000000        0.152590   \n",
       "BloodPressure2                 0.141282  0.152590        1.000000   \n",
       "SkinThickness2                -0.081672  0.057328        0.207371   \n",
       "Insulin2                      -0.073535  0.331357        0.088933   \n",
       "BMI2                           0.017683  0.221071        0.281805   \n",
       "DiabetesPedigreeFunction2     -0.033523  0.137337        0.041265   \n",
       "Age2                           0.544341  0.263514        0.239528   \n",
       "Pregnancies                    1.000000  0.129459        0.141282   \n",
       "Glucose                        0.129459  1.000000        0.152590   \n",
       "BloodPressure                  0.141282  0.152590        1.000000   \n",
       "SkinThickness                 -0.081672  0.057328        0.207371   \n",
       "Insulin                       -0.073535  0.331357        0.088933   \n",
       "BMI                            0.017683  0.221071        0.281805   \n",
       "DiabetesPedigreeFunction      -0.033523  0.137337        0.041265   \n",
       "Age                            0.544341  0.263514        0.239528   \n",
       "Outcome                        0.221898  0.466581        0.065068   \n",
       "\n",
       "                           SkinThickness2  Insulin2      BMI2  \\\n",
       "Pregnancies2                    -0.081672 -0.073535  0.017683   \n",
       "Glucose2                         0.057328  0.331357  0.221071   \n",
       "BloodPressure2                   0.207371  0.088933  0.281805   \n",
       "SkinThickness2                   1.000000  0.436783  0.392573   \n",
       "Insulin2                         0.436783  1.000000  0.197859   \n",
       "BMI2                             0.392573  0.197859  1.000000   \n",
       "DiabetesPedigreeFunction2        0.183928  0.185071  0.140647   \n",
       "Age2                            -0.113970 -0.042163  0.036242   \n",
       "Pregnancies                     -0.081672 -0.073535  0.017683   \n",
       "Glucose                          0.057328  0.331357  0.221071   \n",
       "BloodPressure                    0.207371  0.088933  0.281805   \n",
       "SkinThickness                    1.000000  0.436783  0.392573   \n",
       "Insulin                          0.436783  1.000000  0.197859   \n",
       "BMI                              0.392573  0.197859  1.000000   \n",
       "DiabetesPedigreeFunction         0.183928  0.185071  0.140647   \n",
       "Age                             -0.113970 -0.042163  0.036242   \n",
       "Outcome                          0.074752  0.130548  0.292695   \n",
       "\n",
       "                           DiabetesPedigreeFunction2      Age2  Pregnancies  \\\n",
       "Pregnancies2                               -0.033523  0.544341     1.000000   \n",
       "Glucose2                                    0.137337  0.263514     0.129459   \n",
       "BloodPressure2                              0.041265  0.239528     0.141282   \n",
       "SkinThickness2                              0.183928 -0.113970    -0.081672   \n",
       "Insulin2                                    0.185071 -0.042163    -0.073535   \n",
       "BMI2                                        0.140647  0.036242     0.017683   \n",
       "DiabetesPedigreeFunction2                   1.000000  0.033561    -0.033523   \n",
       "Age2                                        0.033561  1.000000     0.544341   \n",
       "Pregnancies                                -0.033523  0.544341     1.000000   \n",
       "Glucose                                     0.137337  0.263514     0.129459   \n",
       "BloodPressure                               0.041265  0.239528     0.141282   \n",
       "SkinThickness                               0.183928 -0.113970    -0.081672   \n",
       "Insulin                                     0.185071 -0.042163    -0.073535   \n",
       "BMI                                         0.140647  0.036242     0.017683   \n",
       "DiabetesPedigreeFunction                    1.000000  0.033561    -0.033523   \n",
       "Age                                         0.033561  1.000000     0.544341   \n",
       "Outcome                                     0.173844  0.238356     0.221898   \n",
       "\n",
       "                            Glucose  BloodPressure  SkinThickness   Insulin  \\\n",
       "Pregnancies2               0.129459       0.141282      -0.081672 -0.073535   \n",
       "Glucose2                   1.000000       0.152590       0.057328  0.331357   \n",
       "BloodPressure2             0.152590       1.000000       0.207371  0.088933   \n",
       "SkinThickness2             0.057328       0.207371       1.000000  0.436783   \n",
       "Insulin2                   0.331357       0.088933       0.436783  1.000000   \n",
       "BMI2                       0.221071       0.281805       0.392573  0.197859   \n",
       "DiabetesPedigreeFunction2  0.137337       0.041265       0.183928  0.185071   \n",
       "Age2                       0.263514       0.239528      -0.113970 -0.042163   \n",
       "Pregnancies                0.129459       0.141282      -0.081672 -0.073535   \n",
       "Glucose                    1.000000       0.152590       0.057328  0.331357   \n",
       "BloodPressure              0.152590       1.000000       0.207371  0.088933   \n",
       "SkinThickness              0.057328       0.207371       1.000000  0.436783   \n",
       "Insulin                    0.331357       0.088933       0.436783  1.000000   \n",
       "BMI                        0.221071       0.281805       0.392573  0.197859   \n",
       "DiabetesPedigreeFunction   0.137337       0.041265       0.183928  0.185071   \n",
       "Age                        0.263514       0.239528      -0.113970 -0.042163   \n",
       "Outcome                    0.466581       0.065068       0.074752  0.130548   \n",
       "\n",
       "                                BMI  DiabetesPedigreeFunction       Age  \\\n",
       "Pregnancies2               0.017683                 -0.033523  0.544341   \n",
       "Glucose2                   0.221071                  0.137337  0.263514   \n",
       "BloodPressure2             0.281805                  0.041265  0.239528   \n",
       "SkinThickness2             0.392573                  0.183928 -0.113970   \n",
       "Insulin2                   0.197859                  0.185071 -0.042163   \n",
       "BMI2                       1.000000                  0.140647  0.036242   \n",
       "DiabetesPedigreeFunction2  0.140647                  1.000000  0.033561   \n",
       "Age2                       0.036242                  0.033561  1.000000   \n",
       "Pregnancies                0.017683                 -0.033523  0.544341   \n",
       "Glucose                    0.221071                  0.137337  0.263514   \n",
       "BloodPressure              0.281805                  0.041265  0.239528   \n",
       "SkinThickness              0.392573                  0.183928 -0.113970   \n",
       "Insulin                    0.197859                  0.185071 -0.042163   \n",
       "BMI                        1.000000                  0.140647  0.036242   \n",
       "DiabetesPedigreeFunction   0.140647                  1.000000  0.033561   \n",
       "Age                        0.036242                  0.033561  1.000000   \n",
       "Outcome                    0.292695                  0.173844  0.238356   \n",
       "\n",
       "                            Outcome  \n",
       "Pregnancies2               0.221898  \n",
       "Glucose2                   0.466581  \n",
       "BloodPressure2             0.065068  \n",
       "SkinThickness2             0.074752  \n",
       "Insulin2                   0.130548  \n",
       "BMI2                       0.292695  \n",
       "DiabetesPedigreeFunction2  0.173844  \n",
       "Age2                       0.238356  \n",
       "Pregnancies                0.221898  \n",
       "Glucose                    0.466581  \n",
       "BloodPressure              0.065068  \n",
       "SkinThickness              0.074752  \n",
       "Insulin                    0.130548  \n",
       "BMI                        0.292695  \n",
       "DiabetesPedigreeFunction   0.173844  \n",
       "Age                        0.238356  \n",
       "Outcome                    1.000000  "
      ]
     },
     "execution_count": 22,
     "metadata": {},
     "output_type": "execute_result"
    }
   ],
   "source": [
    "data.corr()"
   ]
  },
  {
   "cell_type": "code",
   "execution_count": 23,
   "id": "c90e1215",
   "metadata": {},
   "outputs": [
    {
     "data": {
      "text/html": [
       "<div>\n",
       "<style scoped>\n",
       "    .dataframe tbody tr th:only-of-type {\n",
       "        vertical-align: middle;\n",
       "    }\n",
       "\n",
       "    .dataframe tbody tr th {\n",
       "        vertical-align: top;\n",
       "    }\n",
       "\n",
       "    .dataframe thead th {\n",
       "        text-align: right;\n",
       "    }\n",
       "</style>\n",
       "<table border=\"1\" class=\"dataframe\">\n",
       "  <thead>\n",
       "    <tr style=\"text-align: right;\">\n",
       "      <th></th>\n",
       "      <th>Pregnancies2</th>\n",
       "      <th>Glucose2</th>\n",
       "      <th>BloodPressure2</th>\n",
       "      <th>SkinThickness2</th>\n",
       "      <th>Insulin2</th>\n",
       "      <th>BMI2</th>\n",
       "      <th>DiabetesPedigreeFunction2</th>\n",
       "      <th>Age2</th>\n",
       "      <th>Pregnancies</th>\n",
       "      <th>Glucose</th>\n",
       "      <th>BloodPressure</th>\n",
       "      <th>SkinThickness</th>\n",
       "      <th>Insulin</th>\n",
       "      <th>BMI</th>\n",
       "      <th>DiabetesPedigreeFunction</th>\n",
       "      <th>Age</th>\n",
       "      <th>Outcome</th>\n",
       "    </tr>\n",
       "  </thead>\n",
       "  <tbody>\n",
       "    <tr>\n",
       "      <th>0</th>\n",
       "      <td>6</td>\n",
       "      <td>148</td>\n",
       "      <td>72</td>\n",
       "      <td>35</td>\n",
       "      <td>0</td>\n",
       "      <td>33.6</td>\n",
       "      <td>0.627</td>\n",
       "      <td>50</td>\n",
       "      <td>6</td>\n",
       "      <td>148</td>\n",
       "      <td>72</td>\n",
       "      <td>35</td>\n",
       "      <td>0</td>\n",
       "      <td>33.6</td>\n",
       "      <td>0.627</td>\n",
       "      <td>50</td>\n",
       "      <td>1</td>\n",
       "    </tr>\n",
       "    <tr>\n",
       "      <th>1</th>\n",
       "      <td>1</td>\n",
       "      <td>85</td>\n",
       "      <td>66</td>\n",
       "      <td>29</td>\n",
       "      <td>0</td>\n",
       "      <td>26.6</td>\n",
       "      <td>0.351</td>\n",
       "      <td>31</td>\n",
       "      <td>1</td>\n",
       "      <td>85</td>\n",
       "      <td>66</td>\n",
       "      <td>29</td>\n",
       "      <td>0</td>\n",
       "      <td>26.6</td>\n",
       "      <td>0.351</td>\n",
       "      <td>31</td>\n",
       "      <td>0</td>\n",
       "    </tr>\n",
       "    <tr>\n",
       "      <th>2</th>\n",
       "      <td>8</td>\n",
       "      <td>183</td>\n",
       "      <td>64</td>\n",
       "      <td>0</td>\n",
       "      <td>0</td>\n",
       "      <td>23.3</td>\n",
       "      <td>0.672</td>\n",
       "      <td>32</td>\n",
       "      <td>8</td>\n",
       "      <td>183</td>\n",
       "      <td>64</td>\n",
       "      <td>0</td>\n",
       "      <td>0</td>\n",
       "      <td>23.3</td>\n",
       "      <td>0.672</td>\n",
       "      <td>32</td>\n",
       "      <td>1</td>\n",
       "    </tr>\n",
       "    <tr>\n",
       "      <th>3</th>\n",
       "      <td>1</td>\n",
       "      <td>89</td>\n",
       "      <td>66</td>\n",
       "      <td>23</td>\n",
       "      <td>94</td>\n",
       "      <td>28.1</td>\n",
       "      <td>0.167</td>\n",
       "      <td>21</td>\n",
       "      <td>1</td>\n",
       "      <td>89</td>\n",
       "      <td>66</td>\n",
       "      <td>23</td>\n",
       "      <td>94</td>\n",
       "      <td>28.1</td>\n",
       "      <td>0.167</td>\n",
       "      <td>21</td>\n",
       "      <td>0</td>\n",
       "    </tr>\n",
       "    <tr>\n",
       "      <th>4</th>\n",
       "      <td>0</td>\n",
       "      <td>137</td>\n",
       "      <td>40</td>\n",
       "      <td>35</td>\n",
       "      <td>168</td>\n",
       "      <td>43.1</td>\n",
       "      <td>2.288</td>\n",
       "      <td>33</td>\n",
       "      <td>0</td>\n",
       "      <td>137</td>\n",
       "      <td>40</td>\n",
       "      <td>35</td>\n",
       "      <td>168</td>\n",
       "      <td>43.1</td>\n",
       "      <td>2.288</td>\n",
       "      <td>33</td>\n",
       "      <td>1</td>\n",
       "    </tr>\n",
       "    <tr>\n",
       "      <th>...</th>\n",
       "      <td>...</td>\n",
       "      <td>...</td>\n",
       "      <td>...</td>\n",
       "      <td>...</td>\n",
       "      <td>...</td>\n",
